#
ggsave("p_3_lanzamientos.png", width = 20, height = 15, units = "cm")
rand(10)
random()
rnorm(10)
A = 35*rnorm(100)
B = sample(A, 10, replace = TRUE)
B
?rnorm
A = rnorm(100, 35, 23)
B = sample(A, 10, replace = TRUE)
B
A = rnorm(100, 35, 4)
B = sample(A, 10, replace = TRUE)
B
mean(B)
round(B)
B = round(B)
C = mean(B)
c
C
D = B - C
D
D*D
E = D*D
e
E
sum(E)
sum(E)/9
sqrt(sum(E)/9)
#install.packages("devtools")
#install.packages("ggplot2")
#install.packages("gganimate")
#install.packages("ggalt")
#install.packages("scales")
#install.packages("readxl")
#install.packages("dplyr")
#install.packages("ggrepel")
#
#devtools::install_github("thomasp85/gganimate", force = TRUE)
library(ggplot2)
P = (3,3,7,6,10,15,16,13,9,15,9)
P = c(3,3,7,6,10,15,16,13,9,15,9)
P
Q = c(18,16,17,12,15,15,4,13,11,6,8)
UNO = c(1,1,1,1,1,1,1,1,1,1,1)
X = cbind(UNO, P)
X
t(X)
t(X)%*%Q
ggplot(aes(x=P, y=Q)) + geom_point()
df = data.frame(P, Q)
df
ggplot(df, aes(x=P, y=Q)) + geom_point()
X
Q
(t(X)%*%X)%*%t(X)%*%Q
solve(t(X)%*%X)%*%t(X)%*%Q
ggplot(df, aes(x=P, y=Q)) + geom_point() + geom_abline(intercept = 18.3977, slope = -0.6356, color="darkblue", linetype="dashed", size=1.5)
ggplot(df, aes(x=P, y=Q)) + geom_point() + geom_abline(intercept = 18.3977, slope = -0.6356, color="darkblue", linetype="dashed", size=1)
ggplot(df, aes(x=P, y=Q)) + geom_point() + geom_abline(intercept = 18.3977, slope = -0.6356, color="darkblue", linetype="dashed", size=0.5)
ggplot(df, aes(x=P, y=Q)) + geom_point() + geom_abline(intercept = 18.3977, slope = -0.6356, color="darkblue", size=1)
ggplot(df, aes(x=P, y=Q)) + geom_point() + geom_abline(intercept = 18.3977, slope = -0.6356, color="darkblue", size=0.8)
eq = paste0("Q = ", 18.3977, -0.6356, "P")
ggplot(df, aes(x=P, y=Q)) + geom_point() + geom_abline(intercept = 18.3977, slope = -0.6356, color="darkblue", size=0.8) + ggtitle(eq)
Z = (1650−1488)/sqrt(((93*93)/4)+((78*78)/4))
Z = (1650-1488)/sqrt(((93*93)/4)+((78*78)/4))
Z
Z = (1650-1488)/sqrt(((93*93)/4)+((78*78)/4))
(1.697-1.684)/2
(1.697+1.684)/2
2/(9/6)
T = sqrt(((129)*(2162^2) + (79)*(1961^2))/(208))
T
SS = sqrt(((129)*(2162^2) + (79)*(1961^2))/(208))
SS
T = (9017-5853)/(2087.939*sqrt((1/130)+(1/80)))
T
Z = (12.20-13.20)/(2.50/sqrt(40))
Z
Z = (70 - (100*0.67))/(100*0.67*(1 - 0.67))
Z
Z = (20 - (100*0.15))/(100*0.15*(1 - 0.15))
Z
Z = (192 - (300*0.67))/(300*0.67*(1 - 0.67))
Z
X = (7*0.018)/0.4
X
0.003/0.001
12.7/26.4
SS = sqrt(((13)*(12.7) + (9)*(14.9))/(22))
SS
SS = sqrt(((13)*(12.7) + (9)*(26.4))/(22))
SS
T = (9017-5853)/(SS*sqrt((1/130)+(1/80)))
T
T = (16.2-14.9)/(SS*sqrt((1/14)+(1/10)))
T
SS = sqrt(((3)*(93^2) + (3)*(78^2))/(6))
SS
T = (1650-1488)/(SS*sqrt((1/4)+(1/4)))
T
2162^2
1961^2
26.4/12.7
(2162^2)/(1961^2)
Y = c(4, 9, 10, 14, 4, 7, 12, 22, 1, 17)
t(Y)*Y
Y
Y*t(Y)
X = cbind(UNO, P)
t(X)%*%Q
Y%*%t(Y)
t(Y)%*%Y
Y = c(4, 9, 10, 14, 4, 7, 12, 22, 1, 17)
X = c(31, 58, 65, 73, 37, 44, 60, 91, 21, 84)
UNO = c(1, 1, 1, 1, 1, 1, 1, 1, 1, 1)
X = cbind(UNO, X)
solve(t(X) %*% X) %*% t(X) %*% Y
Y = ln(Y)
?log
Y = log(Y, base = exp(1))
X = c(31, 58, 65, 73, 37, 44, 60, 91, 21, 84)
X = log(X, base = exp(1))
X = cbind(UNO, X)
solve(t(X) %*% X) %*% t(X) %*% Y
X
Y
solve(t(X) %*% X) %*% t(X) %*% Y
Beta = solve(t(X) %*% X) %*% t(X) %*% Y
Sigma2 = t(Y) %*% Y - 2 * t(Beta) %*% t(X) %*% Y + t(Beta) %*% t(X) %*% X %*% Beta
View(Sigma2)
View(Sigma2)
Sigma2/8
solve(t(X) %*% X)
Sigma2 = (t(Y) %*% Y - 2 * t(Beta) %*% t(X) %*% Y + t(Beta) %*% t(X) %*% X %*% Beta)/8
Sigma2
Beta
sqrt(Sigma2*7.980981)
-5.440107/0.576707
sqrt(Sigma2*0.5067785)
1.893438/0.1453236
X[: , 2]
X(: , 2)
X[1]
X[2]
X[, 2]
plot(X[ , 2], Y)
Beta
exp(-5.440107 + 1.893438*20)
exp(-5.440107 + 1.893438*log(20, base = exp(1)))
log(20, base = exp(1))
exp(-5.440107 + 1.893438*log(22, base = exp(1)))
(-5.440107 + 1.893438*log(22, base = exp(1)))
(-5.440107 + 1.893438*log(20, base = exp(1)))
log(1)
log(20)
log(20)*1.893438
View(X)
Y = c(31, 58, 65, 73, 37, 44, 60, 91, 21, 84)
X = c(4, 9, 10, 14, 4, 7, 12, 22, 1, 17)
X = log(X, base = exp(1))
Y = log(Y, base = exp(1))
X = cbind(UNO, X)
View(X)
Beta = solve(t(X) %*% X) %*% t(X) %*% Y
View(Beta)
Sigma2 = (t(Y) %*% Y - 2 * t(Beta) %*% t(X) %*% Y + t(Beta) %*% t(X) %*% X %*% Beta)/8
View(Sigma2)
Beta
Sigma2*8
Sigma2
Beta
XX = solve(t(X) %*% X)
XX
sqrt(Sigma2*0.6544670)
sqrt(Sigma2*0.1349948)
2.9213083/0.6544670
0.5043708/0.1349948
exp(2.9213083 + 0.5043708*log(20, base = exp(1)))
?matrix
c(722.36, 250.08, 2013.32, 170.94, 799.11, 250.08, 145, 950.71, 97.39, 465.29, 2013.32 & 950.71 & 6760.37 & 639.99 & 3034.01, 170.94, 97.39, 639.99, 67.61, 314.63, 799.11, 465.29, 3034.01, 314.63, 1511.58)
matrix(722.36, 250.08, 2013.32, 170.94, 799.11, 250.08, 145, 950.71, 97.39, 465.29, 2013.32 & 950.71 & 6760.37 & 639.99 & 3034.01, 170.94, 97.39, 639.99, 67.61, 314.63, 799.11, 465.29, 3034.01, 314.63, 1511.58)
matrix(722.36, 250.08, 2013.32, 170.94, 799.11, 250.08, 145, 950.71, 97.39, 465.29, 2013.32 & 950.71, 6760.37 & 639.99 & 3034.01, 170.94, 97.39, 639.99, 67.61, 314.63, 799.11, 465.29, 3034.01, 314.63, 1511.58)
matrix(722.36, 250.08, 2013.32, 170.94, 799.11, 250.08, 145, 950.71, 97.39, 465.29, 2013.32, 950.71, 6760.37 & 639.99 & 3034.01, 170.94, 97.39, 639.99, 67.61, 314.63, 799.11, 465.29, 3034.01, 314.63, 1511.58)
matrix(722.36, 250.08, 2013.32, 170.94, 799.11, 250.08, 145, 950.71, 97.39, 465.29, 2013.32, 950.71, 6760.37, 639.99 & 3034.01, 170.94, 97.39, 639.99, 67.61, 314.63, 799.11, 465.29, 3034.01, 314.63, 1511.58)
matrix(722.36, 250.08, 2013.32, 170.94, 799.11, 250.08, 145, 950.71, 97.39, 465.29, 2013.32, 950.71, 6760.37, 639.99, 3034.01, 170.94, 97.39, 639.99, 67.61, 314.63, 799.11, 465.29, 3034.01, 314.63, 1511.58)
matrix(722.36, 250.08, 2013.32, 170.94, 799.11, 250.08, 145, 950.71, 97.39, 465.29, 2013.32, 950.71, 6760.37, 639.99, 3034.01, 170.94, 97.39, 639.99, 67.61, 314.63, 799.11, 465.29, 3034.01, 314.63, 1511.58)
matrix( c(722.36, 250.08, 2013.32, 170.94, 799.11, 250.08, 145, 950.71, 97.39, 465.29, 2013.32, 950.71, 6760.37, 639.99, 3034.01, 170.94, 97.39, 639.99, 67.61, 314.63, 799.11, 465.29, 3034.01, 314.63, 1511.58), nrow=5)
M = matrix( c(722.36, 250.08, 2013.32, 170.94, 799.11, 250.08, 145, 950.71, 97.39, 465.29, 2013.32, 950.71, 6760.37, 639.99, 3034.01, 170.94, 97.39, 639.99, 67.61, 314.63, 799.11, 465.29, 3034.01, 314.63, 1511.58), nrow=5)
M[ c(2:5), c(2:5)]
M = matrix( c(722.36, 250.08, 2013.32, 170.94, 799.11, 250.08, 145, 950.71, 97.39, 465.29, 2013.32, 950.71, 6760.37, 639.99, 3034.01, 170.94, 97.39, 639.99, 67.61, 314.63, 799.11, 465.29, 3034.01, 314.63, 1511.58), nrow=5)
XX = M[ c(2:5), c(2:5)]
M[ c(2:5), 1]
M[ 1, c(2:5)]
XY = M[ c(2:5), 1]
XY = t(M[ c(2:5), 1])
XY = t(M[ 1, c(2:5) ])
XY = (M[ 1, c(2:5) ])
XY = c(250.08, 2013.32, 170.94, 799.11)
XY = matrix(c(250.08, 2013.32, 170.94, 799.11), nrow=4)
Beta = solve(XX) %*% XY
Beta
Sigma2 = (722.36 - 2 * t(Beta) %*% XY + t(Beta) %*% XX %*% Beta)/145
Sigma2
Sigma2 = (722.36 - 2 * t(Beta) %*% XY + t(Beta) %*% XX %*% Beta)/141
Sigma2
solve(XX)
sqrt(Sigma2*0.76831766)
sqrt(Sigma2*0.001975969)
sqrt(Sigma2*0.517117619)
sqrt(Sigma2*0.2817871)
-4.6539661 / 0.3434763
0.7209163 / 0.01741873
0.4814452 / 0.2817871
0.4140101 / 0.2080113
R = c(0, 0, 1, 1)
R %*% solve(XX) %*% t(R)
t(R) %*% solve(XX) %*% R
Sigma2 * t(R) %*% solve(XX) %*% R
sqrt(Sigma2 * t(R) %*% solve(XX) %*% R)
(0.4814452 + 0.4140101 − 1) / sqrt(Sigma2 * t(R) %*% solve(XX) %*% R)
(0.4814452 + 0.4140101 - 1) / sqrt(Sigma2 * t(R) %*% solve(XX) %*% R)
library(ggplot2)
#library(gganimate)
library(ggalt)
library(scales)
library(readxl)
library(dplyr)
library(ggrepel)
#****************************************************************************************
install.packages("maptools")
#devtools::install_github("thomasp85/gganimate", force = TRUE)
library(maptools)
library(spdep)
install.packages("spdep")
#devtools::install_github("thomasp85/gganimate", force = TRUE)
library(maptools)
library(spdep)
install.packages("spdep")
#devtools::install_github("thomasp85/gganimate", force = TRUE)
library(maptools)
library(spdep)
install.packages("spdep")
# Series de Tiempo, Octubre de 2020
# Clase 14. VAR(p)
#****************************************************************************************
#install.packages("ggplot2")
#install.packages("dplyr")
#install.packages("stats")
#install.packages("vars", dependencies = TRUE)
#
library(ggplot2)
library(dplyr)
library(stats)
#installed.packages("MASS")
library(MASS)
library(strucchange)
library(zoo)
library(sandwich)
library(urca)
library(lmtest)
library(vars)
#
#****************************************************************************************
setwd("/Users/benjaminolivavazquez/Documents/Personal/Cursos_UNAM/SERIES_2021-I/Series-de-Tiempo-Fall2020/Clase_14")
getwd()
load("Datos_Ad.RData")
DLINPC <- ts(log(Datos_Ad$INPC_Ad) - lag(log(Datos_Ad$INPC_Ad), k = 1),
start = c(2000, 1),
freq = 12)
DLTC <- ts(log(Datos_Ad$TC_Ad) - lag(log(Datos_Ad$TC_Ad), k = 1),
start = c(2000, 1),
freq = 12)
DLCETE28 <- ts(log(Datos_Ad$CETE28_Ad) - lag(log(Datos_Ad$CETE28_Ad), k = 1),
start = c(2000, 1),
freq = 12)
DLIGAE <- ts(log(Datos_Ad$IGAE_Ad) - lag(log(Datos_Ad$IGAE_Ad), k = 1),
start = c(2000, 1),
freq = 12)
DLIPI <- ts(log(Datos_Ad$IPI_Ad) - lag(log(Datos_Ad$IPI_Ad), k = 1),
start = c(2000, 1),
freq = 12)
Datos <- data.frame(cbind(DLINPC, DLTC, DLCETE28, DLIGAE, DLIPI))
View(Datos)
Datos <- ts(Datos[2:235, ],
start = c(2000, 2), freq = 12)
plot(Datos, plot.type = "s",
col = c("darkgreen", "darkblue", "darkred", "black", "purple"),
main = "Series en Diferencias logaritmicas",
xlab = "Tiempo", ylab = "Variacion")
legend("bottomright", c("INPC", "TC", "CETES28", "IGAE", "IPI"),
cex = 0.6, lty = 1:1,
col = c("darkgreen", "darkblue", "darkred", "black", "purple"))
#
plot(Datos, plot.type = "m",
col = "darkgreen",
main = "Series en Diferencias logaritmicas", xlab = "Tiempo")
?VAR
VAR(Datos, p = 1)
VAR(Datos[ , 1:3], p = 1)
VAR(Datos[ , c(1, 2, 4, 5)], p = 1, exogen = Datos[ , 3])
VAR(Datos, p = 2)
VAR(Datos, p = 3)
(
VAR(Datos, p = 4)
VAR01 <- VAR(Datos, p = 4, type = "none")
names(VAR01)
summary(VAR01)
summary(VAR01, equation = "DLIGAE")
roots(VAR01)
VARselect(Datos, lag.max = 12, type = "both")
VARselect(Datos, lag.max = 12, type = "const")
VARselect(Datos, lag.max = 12, type = "none")
VAR02 <- VAR(Datos, p = 2)
summary(VAR02)
summary(VAR02, equation = "DLIGAE")
summary(VAR02, equation = "DLINPC")
summary(VAR02, equation = "DLCETE28")
plot(Datos, plot.type = "s",
col = c("darkgreen", "darkblue", "darkred", "black", "purple"),
main = "Series en Diferencias logaritmicas",
xlab = "Tiempo", ylab = "Variacion")
legend("bottomright", c("INPC", "TC", "CETES28", "IGAE", "IPI"),
cex = 0.6, lty = 1:1,
col = c("darkgreen", "darkblue", "darkred", "black", "purple"))
#
plot(Datos, plot.type = "m",
col = "darkgreen",
main = "Series en Diferencias logaritmicas", xlab = "Tiempo")
knitr::opts_chunk$set(echo = TRUE)
#install.packages("ggplot2")
#install.packages("dplyr")
#install.packages(stats)
#install.packages("MASS")
#install.packages("strucchange")
#install.packages("zoo")
#install.packages("sandwich")
#install.packages("urca")
#install.packages("lmtest")
#install.packages("vars")
#
library(ggplot2)
library(dplyr)
library(stats)
library(MASS)
library(strucchange)
library(zoo)
library(sandwich)
library(urca)
library(lmtest)
library(vars)
load("Datos_Ad.RData")
head(Datos_Ad)
DLINPC <- ts(log(Datos_Ad$INPC_Ad) - lag(log(Datos_Ad$INPC_Ad), k = 1),
start = c(2000, 1),
freq = 12)
DLTC <- ts(log(Datos_Ad$TC_Ad) - lag(log(Datos_Ad$TC_Ad), k = 1),
start = c(2000, 1),
freq = 12)
DLCETE28 <- ts(log(Datos_Ad$CETE28_Ad) - lag(log(Datos_Ad$CETE28_Ad), k = 1),
start = c(2000, 1),
freq = 12)
DLIGAE <- ts(log(Datos_Ad$IGAE_Ad) - lag(log(Datos_Ad$IGAE_Ad), k = 1),
start = c(2000, 1),
freq = 12)
DLIPI <- ts(log(Datos_Ad$IPI_Ad) - lag(log(Datos_Ad$IPI_Ad), k = 1),
start = c(2000, 1),
freq = 12)
Datos <- data.frame(cbind(DLINPC, DLTC, DLCETE28, DLIGAE, DLIPI))
Datos <- ts(Datos[2:235, ],
start = c(2000, 2), freq = 12)
plot(Datos, plot.type = "s",
col = c("darkgreen", "darkblue", "darkred", "black", "purple"),
main = "Series en Diferencias logaritmicas",
xlab = "Tiempo", ylab = "Variacion")
legend("bottomright", c("INPC", "TC", "CETES28", "IGAE", "IPI"),
cex = 0.6, lty = 1:1,
col = c("darkgreen", "darkblue", "darkred", "black", "purple"))
#
plot(Datos, plot.type = "m",
col = "darkgreen",
main = "Series en Diferencias logaritmicas", xlab = "Tiempo")
load("Datos_Ad.RData")
head(Datos_Ad)
tail(Datos_Ad)
DLINPC <- ts(log(Datos_Ad$INPC_Ad) - lag(log(Datos_Ad$INPC_Ad), k = 1),
start = c(2000, 1),
freq = 12)
DLTC <- ts(log(Datos_Ad$TC_Ad) - lag(log(Datos_Ad$TC_Ad), k = 1),
start = c(2000, 1),
freq = 12)
DLCETE28 <- ts(log(Datos_Ad$CETE28_Ad) - lag(log(Datos_Ad$CETE28_Ad), k = 1),
start = c(2000, 1),
freq = 12)
DLIGAE <- ts(log(Datos_Ad$IGAE_Ad) - lag(log(Datos_Ad$IGAE_Ad), k = 1),
start = c(2000, 1),
freq = 12)
DLIPI <- ts(log(Datos_Ad$IPI_Ad) - lag(log(Datos_Ad$IPI_Ad), k = 1),
start = c(2000, 1),
freq = 12)
Datos <- data.frame(cbind(DLINPC, DLTC, DLCETE28, DLIGAE, DLIPI))
Datos <- ts(Datos[2:235, ],
start = c(2000, 2), freq = 12)
Datos
tail(Datos)
Datos <- ts(Datos[2: , ],
dim(DLIPI)
Datos <- data.frame(cbind(DLINPC, DLTC, DLCETE28, DLIGAE, DLIPI))
tail(Datos)
Datos <- ts(Datos[2 : 259, ],
start = c(2000, 2), freq = 12)
plot(Datos, plot.type = "s",
col = c("darkgreen", "darkblue", "darkred", "black", "purple"),
main = "Series en Diferencias logaritmicas",
xlab = "Tiempo", ylab = "Variacion")
legend("bottomright", c("INPC", "TC", "CETES28", "IGAE", "IPI"),
cex = 0.6, lty = 1:1,
col = c("darkgreen", "darkblue", "darkred", "black", "purple"))
#
plot(Datos, plot.type = "m",
col = "darkgreen",
main = "Series en Diferencias logaritmicas", xlab = "Tiempo")
VAR01 <- VAR(Datos, p = 4, type = "none")
names(VAR01)
summary(VAR01)
VAR01 <- VAR(Datos, p = 4, type = "none")
names(VAR01)
summary(VAR01)
summary(VAR01, equation = "DLIGAE")
roots(VAR01)
VARselect(Datos, lag.max = 12, type = "both")
VARselect(Datos, lag.max = 12, type = "const")
VARselect(Datos, lag.max = 12, type = "none")
knitr::opts_chunk$set(echo = TRUE)
#install.packages("ggplot2")
#install.packages("dplyr")
#install.packages(stats)
#install.packages("MASS")
#install.packages("strucchange")
#install.packages("zoo")
#install.packages("sandwich")
#install.packages("urca")
#install.packages("lmtest")
#install.packages("vars")
#
library(ggplot2)
library(dplyr)
library(stats)
library(MASS)
library(strucchange)
library(zoo)
library(sandwich)
library(urca)
library(lmtest)
library(vars)
load("Datos_Ad.RData")
head(Datos_Ad)
DLINPC <- ts(log(Datos_Ad$INPC_Ad) - lag(log(Datos_Ad$INPC_Ad), k = 1),
start = c(2000, 1),
freq = 12)
DLTC <- ts(log(Datos_Ad$TC_Ad) - lag(log(Datos_Ad$TC_Ad), k = 1),
start = c(2000, 1),
freq = 12)
DLCETE28 <- ts(log(Datos_Ad$CETE28_Ad) - lag(log(Datos_Ad$CETE28_Ad), k = 1),
start = c(2000, 1),
freq = 12)
DLIGAE <- ts(log(Datos_Ad$IGAE_Ad) - lag(log(Datos_Ad$IGAE_Ad), k = 1),
start = c(2000, 1),
freq = 12)
DLIPI <- ts(log(Datos_Ad$IPI_Ad) - lag(log(Datos_Ad$IPI_Ad), k = 1),
start = c(2000, 1),
freq = 12)
Datos <- data.frame(cbind(DLINPC, DLTC, DLCETE28, DLIGAE, DLIPI))
Datos <- ts(Datos[2 : 259, ],
start = c(2000, 2), freq = 12)
plot(Datos, plot.type = "s",
col = c("darkgreen", "darkblue", "darkred", "black", "purple"),
main = "Series en Diferencias logaritmicas",
xlab = "Tiempo", ylab = "Variacion")
legend("bottomright", c("INPC", "TC", "CETES28", "IGAE", "IPI"),
cex = 0.6, lty = 1:1,
col = c("darkgreen", "darkblue", "darkred", "black", "purple"))
#
plot(Datos, plot.type = "m",
col = "darkgreen",
main = "Series en Diferencias logaritmicas", xlab = "Tiempo")
# 1. VAR(p):
# ARGUMENTOS:
# function (y, p = 1,
# type = c("const", "trend", "both", "none"),
# season = NULL, exogen = NULL, lag.max = NULL,
# ic = c("AIC", "HQ", "SC", "FPE"))
VAR(Datos, p = 1)
VAR(Datos[ , 1:3], p = 1)
VAR(Datos[ , c(1, 2, 4, 5)], p = 1, exogen = Datos[ , 3])
VAR(Datos, p = 2)
VAR(Datos, p = 3)
VAR(Datos, p = 4)
VAR01 <- VAR(Datos, p = 4, type = "none")
names(VAR01)
summary(VAR01)
summary(VAR01, equation = "DLIGAE")
roots(VAR01)
VARselect(Datos, lag.max = 12, type = "both")
VARselect(Datos, lag.max = 12, type = "const")
VARselect(Datos, lag.max = 12, type = "none")
VAR02 <- VAR(Datos, p = 2)
summary(VAR02)
summary(VAR02, equation = "DLIGAE")
summary(VAR02, equation = "DLINPC")
summary(VAR02, equation = "DLCETE28")
